107
108
109
105
107
108
109
105
107
108
109
105
107
108
109
105
107
108
109
105
107
108
109
105
107
108
109
105
107
108
109
105
107
108
109
105
107
108
109
105
107
108
109
105
107
108
109
105
107
108
109
105
107
108
109
105
107
108
109
105
107
108
109
105
107
108
109
105
107
108
109
105
107
108
109
105
107
108
109
105
107
108
109
105
107
108
109
105
107
108
109
105
107
108
109
105
107
108
109
105
107
108
109
105
107
108
109
105
107
108
109
105
107
108
109
105
107
108
109
105
107
108
109
105
107
108
109
105
107
108
109
105
107
108
109
105
107
108
109
105
107
108
109
105
107
108
109
105
107
108
109
105
107
108
109
105
107
108
109
105
107
108
109
105
107
108
109
105
107
108
109
105
107
108
109
105
107
108
109
105
107
108
109
105
107
108
109
105
107
108
109
105
107
108
109
105
107
108
109
105
107
108
109
105
107
108
109
105
107
108
109
105
107
108
109
105
106
110
105
107
108
109
108
107
108
107
104
105
106
107
105
104
106
107
108
109
110
111
112
108
109
108
107
106
107
108
109
110
107
106
107
108
107
107
108
109
108
107
108
109
110
111
110
111
112
113
114
115
116
118
119
120
121
122
107
108
109
110
111
112
113
105
106
108
108
109
110
111
112
113
114
115
115
116
